MEMORY
  total            14.2 MB
  struct          159.2 KB
  buffer           13.8 KB
  arena            14.0 MB, used 0.2%

SIZES
  narena                14680064
  nbuffer               14080
  nplugin               0
  maxuse_stack          3428
  maxuse_arena          31728
  maxuse_con            6
  maxuse_efc            26
  ncon                  3
  ne                    0
  nf                    0
  nl                    2
  nefc                  14
  nJ                    182
  nA                    0
  nisland               0
  nidof                 0
  threadpool            0

TIMER
    0:  duration =  0.016      number = 1
    1:  duration =  0.016      number = 1
    2:  duration =  0          number = 0
    3:  duration =  0.0091     number = 1
    4:  duration =  0.0011     number = 1
    5:  duration =  0.0002     number = 1
    6:  duration =  0.004      number = 1
    7:  duration =  0.00059    number = 1
    8:  duration =  0.0017     number = 1
    9:  duration =  0.00043    number = 1
    10:  duration =  0.0044     number = 1
    11:  duration =  0.0022     number = 1
    12:  duration =  6e-05      number = 1
    13:  duration =  0.0013     number = 1
    14:  duration =  0.0029     number = 1

SOLVER STAT
  solver_fwdinv =   0         0       
  ISLAND 0
    solver_niter = 1
    solver_nnz = 169
      0:  improvement =  0.004       gradient =  4.2e-16     lineslope =  0       
          nactive = 13   nchange = 0   neval = 2   nupdate = 0

ENERGY =   0         0       

TIME =  2.8e+03 

QPOS
   4.5e+03 
   0.26    
  -0.22    
  -0.096   
  -0.14    
  -0.89    
  -0.32    
   0.3     
   0.76    
   0.16    
  -0.19    
   0.057   
  -0.91    
  -0.34    
   0.24    

QVEL
   0.17    
   0.042   
  -0.017   
   0.035   
  -0.32    
  -0.0069  
   0.031   
  -0.55    
   0.96    
  -0.25    
   2.5     
   2.3     
  -3       

QACC_WARMSTART
  -0.59    
  -0.13    
   0.062   
  -0.075   
   0.93    
   0.032   
  -0.053   
  -3       
   0.7     
   1.7     
   51      
  -38      
  -13      

CTRL
   0.86    

QFRC_APPLIED
   0       
   0       
   0       
   0       
   0       
   0       
   0       
   0       
   0       
   0       
   0       
   0       
   0       

XFRC_APPLIED
   0         0         0         0         0         0       
   0         0         0         0         0         0       
   0         0         0         0         0         0       
   0         0         0         0         0         0       

QACC
  -0.59    
  -0.13    
   0.062   
  -0.075   
   0.93    
   0.032   
  -0.053   
  -3       
   0.7     
   1.7     
   51      
  -38      
  -13      

SENSOR
  -6       
   0.36    
  -7.6     

XPOS
   0         0         0       
   0.3       0        -0.1     
   0.26     -0.22     -0.096   
   0.77      0.16     -0.19    

XQUAT
   1         0         0         0       
  -0.91      0         0         0.41    
  -0.14     -0.89     -0.32      0.3     
   0.053    -0.91     -0.34      0.24    

XMAT
   1         0         0         0         1         0         0         0         1       
   0.66      0.75      0        -0.75      0.66      0         0         0         1       
   0.61      0.66     -0.44      0.5      -0.75     -0.43     -0.61      0.05     -0.79    
   0.65      0.59     -0.48      0.64     -0.77     -0.068    -0.41     -0.26     -0.88    

XIPOS
   0         0         0       
   0.19     -0.099    -0.06    
   0.27     -0.23     -0.11    
   0.77      0.16     -0.19    

XIMAT
   1         0         0         0         1         0         0         0         1       
   0.66      1.1e-16   0.75     -0.75      8.3e-17   0.66      0        -1         1.4e-16 
   0.41      0.77      0.48      0.89     -0.22     -0.4      -0.2       0.59     -0.78    
   0.65      0.59     -0.48      0.64     -0.77     -0.068    -0.41     -0.26     -0.88    

XANCHOR
   0.3       0        -0.1     
   0.26     -0.22     -0.096   
   0.77      0.16     -0.19    

XAXIS
   0         0         1       
   0         0         1       
   0         0         1       

GEOM_XPOS
   0         0        -0.5     
   0.3       0        -0.3     
   0.19     -0.099    -0.06    
   0.26     -0.22     -0.096   
   0.35     -0.29     -0.23    
   0.77      0.16     -0.19    

GEOM_XMAT
   1         0         0         0         1         0         0         0         1       
   1         0         0         0        -1        -1.2e-16   0         1.2e-16  -1       
   0.66      1.1e-16   0.75     -0.75      8.3e-17   0.66      0        -1         1.4e-16 
   0.61      0.66     -0.44      0.5      -0.75     -0.43     -0.61      0.05     -0.79    
   0.61      0.66     -0.44      0.5      -0.75     -0.43     -0.61      0.05     -0.79    
   0.65      0.59     -0.48      0.64     -0.77     -0.068    -0.41     -0.26     -0.88    

SITE_XPOS
   0         0         0.3     
   0.6       0.2       0.3     
   0.18     -0.15      0.039   
   0.26     -0.22     -0.096   
   0.69      0.18     -0.04    

SITE_XMAT
   1         0         0         0         1         0         0         0         1       
   1         0         0         0         1         0         0         0         1       
   0.61      0.66     -0.44      0.5      -0.75     -0.43     -0.61      0.05     -0.79    
   0.61      0.66     -0.44      0.5      -0.75     -0.43     -0.61      0.05     -0.79    
   0.65      0.59     -0.48      0.64     -0.77     -0.068    -0.41     -0.26     -0.88    

CAM_XPOS
   0        -1.3       0.5     

CAM_XMAT
   1         0         0         0         0.45     -0.89      0         0.89      0.45    

LIGHT_XPOS
   0         0         1       

LIGHT_XDIR
   0         0        -1       

SUBTREE_COM
   0.47     -0.05     -0.14    
   0.19     -0.099    -0.06    
   0.27     -0.23     -0.11    
   0.77      0.16     -0.19    

CDOF
   0         0         1         0.099    -0.11      0       
   0         0         0         1         0         0       
   0         0         0         0         1         0       
   0         0         0         0         0         1       
   0.61      0.5      -0.61     -0.011     0.0032   -0.0085  
   0.66     -0.75      0.05      0.011     0.0095    0.0018  
  -0.44     -0.43     -0.79      0.00045  -0.013     0.0068  
   0         0         0         1         0         0       
   0         0         0         0         1         0       
   0         0         0         0         0         1       
   0.65      0.64     -0.41      0        -0         0       
   0.59     -0.77     -0.26      0        -0         0       
  -0.48     -0.068    -0.88      0         0         0       

CINERT
   0         0         0         0         0         0         0         0         0         0       
   0.0092    0.012     0.019    -0.0089   -2e-18    -1.5e-18  -4.9e-17   2.5e-17   1.2e-17   1.8     
   0.073     0.075     0.064     0.0047    0.0092   -0.0076    0         0         0         8.9     
   0.053     0.053     0.053     4.3e-19  -6.9e-18   1.3e-18   0         0         0         8       

TEN_LENGTH
   0.35    
   0.35    

TEN_MOMENT
   0         0.51     -0.44     -0.74      0.0071    6.4e-05  -0.0071    0         0         0         0         0         0       
   0         0         0         0         0         0         0         0.25     -0.059    -0.97     -0.029     0.021     0.0075  

TENDON 0: 2 wrap points
    -1:    0         0         0.3     
    -1:    0.18     -0.15      0.039   

TENDON 1: 2 wrap points
    -1:    0.6       0.2       0.3     
    -1:    0.69      0.18     -0.04    

ACTUATOR_LENGTH
   1.1e+05 

actuator_moment
---------------
 x             |
---------------

ACTUATOR_MOMENT
     0:  25      

CRB
   0         0         0         0         0         0         0         0         0         0       
   0.0092    0.012     0.019    -0.0089   -2e-18    -1.5e-18  -4.9e-17   2.5e-17   1.2e-17   1.8     
   0.073     0.075     0.064     0.0047    0.0092   -0.0076    0         0         0         8.9     
   0.053     0.053     0.053     4.3e-19  -6.9e-18   1.3e-18   0         0         0         8       

QM
   0.059   
             8.9     
             0         8.9     
             0         0         8.9     
            -0.099     0.029    -0.076     0.073   
             0.095     0.084     0.016    -0.009     0.073   
             0.004    -0.11      0.06     -0.009    -0.009     0.073   
                                                                         8       
                                                                         0         8       
                                                                         0         0         8       
                                                                         0         0         0         0.053   
                                                                         0         0         0         0         0.053   
                                                                         0         0         0         0         0         0.053   

M
     0:  0.059   
     1:  8.9     
     1:  0          2:  8.9     
     1:  0          2:  0          3:  8.9     
     1: -0.099      2:  0.029      3: -0.076      4:  0.073   
     1:  0.095      2:  0.084      3:  0.016      4: -0.009      5:  0.073   
     1:  0.004      2: -0.11       3:  0.06       4: -0.009      5: -0.009      6:  0.073   
     7:  8       
     8:  8       
     9:  8       
    10:  0.053   
    11:  0.053   
    12:  0.053   

QLD
     0:  0.059   
     1:  8.7     
     1: -0.0065     2:  8.7     
     1: -0.013      2:  0.011      3:  8.8     
     1: -1.2        2:  0.35       3: -0.93       4:  0.07    
     1:  1.3        2:  0.98       3:  0.32       4: -0.14       5:  0.072   
     1:  0.055      2: -1.6        3:  0.83       4: -0.12       5: -0.12       6:  0.073   
     7:  8       
     8:  8       
     9:  8       
    10:  0.053   
    11:  0.053   
    12:  0.053   

QLDIAGINV
   17      
   0.12    
   0.12    
   0.11    
   14      
   14      
   14      
   0.12    
   0.12    
   0.12    
   19      
   19      
   19      

QH
     0:  0.061   
     1:  8.7     
     1: -0.0065     2:  8.7     
     1: -0.013      2:  0.011      3:  8.8     
     1: -1.2        2:  0.35       3: -0.93       4:  0.07    
     1:  1.3        2:  0.98       3:  0.32       4: -0.14       5:  0.072   
     1:  0.055      2: -1.6        3:  0.83       4: -0.12       5: -0.12       6:  0.073   
     7:  8       
     8:  8       
     9:  8       
    10:  0.053   
    11:  0.053   
    12:  0.053   

QHDIAGINV
   16      
   0.12    
   0.12    
   0.11    
   14      
   14      
   14      
   0.12    
   0.12    
   0.12    
   19      
   19      
   19      

B: body-dof matrix
---------------
 xxxxxxxxxxxxx |
 x             |
  xxxxxx       |
        xxxxxx |
---------------

B_rownnz              13 1 6 6

B_rowadr              0 13 14 20

B_colind              0 1 2 3 4 5 6 7 8 9 10 11 12 0 1 2 3 4 5 6 7 8 9 10 11 12

M: reduced inertia matrix
---------------
 x             |
  x            |
  xx           |
  xxx          |
  xxxx         |
  xxxxx        |
  xxxxxx       |
        x      |
         x     |
          x    |
           x   |
            x  |
             x |
---------------

M_rownnz              1 1 2 3 4 5 6 1 1 1 1 1 1

M_rowadr              0 1 2 4 7 11 16 22 23 24 25 26 27

M_colind              0 1 1 2 1 2 3 1 2 3 4 1 2 3 4 5 1 2 3 4 5 6 7 8 9 10 11 12

mapM2M                0 1 3 2 6 5 4 10 9 8 7 15 14 13 12 11 21 20 19 18 17 16 22 23 25 28 32 37

D: dof-dof matrix
---------------
 D             |
  Dxxxxx       |
  xDxxxx       |
  xxDxxx       |
  xxxDxx       |
  xxxxDx       |
  xxxxxD       |
        Dxxxxx |
        xDxxxx |
        xxDxxx |
        xxxDxx |
        xxxxDx |
        xxxxxD |
---------------

D_rownnz              1 6 6 6 6 6 6 6 6 6 6 6 6

D_rowadr              0 1 7 13 19 25 31 37 43 49 55 61 67

D_colind              0 1 2 3 4 5 6 1 2 3 4 5 6 1 2 3 4 5 6 1 2 3 4 5 6 1 2 3 4 5 6 1 2 3 4 5 6 7 8 9 10 11 12 7 8 9 10 11 12 7 8 9 10 11 12 7 8 9 10 11 12 7 8 9 10 11 12 7 8 9 10 11 12

mapM2D                0 1 3 6 10 15 21 3 2 5 9 14 20 6 5 4 8 13 19 10 9 8 7 12 18 15 14 13 12 11 17 21 20 19 18 17 16 22 24 27 31 36 42 24 23 26 30 35 41 27 26 25 29 34 40 31 30 29 28 33 39 36 35 34 33 32 38 42 41 40 39 38 37

mapD2M                0 1 8 7 15 14 13 22 21 20 19 29 28 27 26 25 36 35 34 33 32 31 37 44 43 51 50 49 58 57 56 55 65 64 63 62 61 72 71 70 69 68 67

CONTACT
  0:
     dim           3
     geoms         bat : pole
     exclude       0
     efc_address   2
     solref         0.02      1       
     solimp         0.9       0.95      0.001     0.5       2       
     dist          -1.4e-17 
     includemargin  0       
     pos            0.28     -0.021    -0.1     
     frame          1         0         0         0         1         0         0         0         1       
     friction       1         1         0.005     0.0001    0.0001  
     mu             1       
     force          27       -14        0         0         0         0       
  1:
     dim           3
     geoms         bat : red_box
     exclude       0
     efc_address   6
     solref         0.02      1       
     solimp         0.9       0.95      0.001     0.5       2       
     dist          -0.00049 
     includemargin  0       
     pos            0.12     -0.21     -0.058   
     frame          0.66     -0.75      0.05     -0.033     0.038     1        -0.75     -0.66     -3.5e-18 
     friction       1         1         0.005     0.0001    0.0001  
     mu             1       
     force          63       -24       -7.9       0         0         0       
  2:
     dim           3
     geoms         bat : red_box
     exclude       0
     efc_address   10
     solref         0.02      1       
     solimp         0.9       0.95      0.001     0.5       2       
     dist          -0.00035 
     includemargin  0       
     pos            0.28     -0.074    -0.058   
     frame          0.66     -0.75      0.05     -0.033     0.038     1        -0.75     -0.66      3.5e-18 
     friction       1         1         0.005     0.0001    0.0001  
     mu             1       
     force          39       -13       -6.8       0         0         0       

EFC_TYPE
  4
  4
  6
  6
  6
  6
  6
  6
  6
  6
  6
  6
  6
  6

EFC_ID
  0
  1
  0
  0
  0
  0
  1
  1
  1
  1
  2
  2
  2
  2

EFC_J
  -0        -0.51      0.44      0.74     -0.0071   -6.4e-05   0.0071   -0        -0        -0        -0        -0        -0       
  -0        -0        -0        -0        -0        -0        -0        -0.25      0.059     0.97      0.029    -0.021    -0.0075  
   0.0029    0         0         0         0         0         0         0         0         0         0         0         0       
  -0.045     0         0         0         0         0         0         0         0         0         0         0         0       
  -0.021     0         0         0         0         0         0         0         0         0         0         0         0       
  -0.021     0         0         0         0         0         0         0         0         0         0         0         0       
  -0.25      0.63     -0.71      1         0.055    -0.093    -0.16      0         0         0         0         0         0       
  -0.28      0.69     -0.79     -0.95     -0.1       0.093    -0.039     0         0         0         0         0         0       
  -0.23     -0.094    -1.4       0.05     -0.085     0.043    -0.18      0         0         0         0         0         0       
  -0.31      1.4      -0.092     0.05      0.038    -0.043    -0.021     0         0         0         0         0         0       
  -0.064     0.62     -0.71      1         0.18      0.11     -0.0032    0         0         0         0         0         0       
  -0.071     0.69     -0.79     -0.95      0.021    -0.11      0.12      0         0         0         0         0         0       
  -0.028    -0.095    -1.4       0.05      0.039     0.043    -0.02      0         0         0         0         0         0       
  -0.11      1.4      -0.093     0.05      0.16     -0.043     0.14      0         0         0         0         0         0       

EFC_POS
  -0.00088 
  -0.002   
  -1.4e-17 
  -1.4e-17 
  -1.4e-17 
  -1.4e-17 
  -0.00049 
  -0.00049 
  -0.00049 
  -0.00049 
  -0.00035 
  -0.00035 
  -0.00035 
  -0.00035 

EFC_MARGIN
   0       
   0       
   0       
   0       
   0       
   0       
   0       
   0       
   0       
   0       
   0       
   0       
   0       
   0       

EFC_FRICTIONLOSS
   0       
   0       
   0       
   0       
   0       
   0       
   0       
   0       
   0       
   0       
   0       
   0       
   0       
   0       

EFC_DIAGAPPROX
   0.27    
   0.31    
   0.51    
   0.51    
   0.51    
   0.51    
   0.96    
   0.96    
   0.96    
   0.96    
   0.96    
   0.96    
   0.96    
   0.96    

EFC_KBIP
   2.8e+03   1.1e+02   0.95     -24      
   2.8e+03   1.1e+02   0.95      0       
   2.8e+03   1.1e+02   0.9      -2.8e-12 
   2.8e+03   1.1e+02   0.9      -2.8e-12 
   2.8e+03   1.1e+02   0.9      -2.8e-12 
   2.8e+03   1.1e+02   0.9      -2.8e-12 
   2.8e+03   1.1e+02   0.92     -98      
   2.8e+03   1.1e+02   0.92     -98      
   2.8e+03   1.1e+02   0.92     -98      
   2.8e+03   1.1e+02   0.92     -98      
   2.8e+03   1.1e+02   0.91     -71      
   2.8e+03   1.1e+02   0.91     -71      
   2.8e+03   1.1e+02   0.91     -71      
   2.8e+03   1.1e+02   0.91     -71      

EFC_D
   69      
   61      
   18      
   18      
   18      
   18      
   13      
   13      
   13      
   13      
   11      
   11      
   11      
   11      

EFC_R
   0.014   
   0.016   
   0.056   
   0.056   
   0.056   
   0.056   
   0.079   
   0.079   
   0.079   
   0.079   
   0.092   
   0.092   
   0.092   
   0.092   

TEN_VELOCITY
   0.0001  
   0.0093  

ACTUATOR_VELOCITY
   4.4     

CVEL
   0         0         0         0         0         0       
   0         0         0.17      0.017    -0.02      0       
  -0.22     -0.17      0.17      0.046    -0.018     0.038   
   4.4      -0.15      1        -0.55      0.96     -0.25    

CDOF_DOT
   0         0         0         0         0         0       
   0         0         0         0         0         0       
   0         0         0         0         0         0       
   0         0         0         0         0         0       
  -0         0         0        -0.0072    0.048     0.031   
   0         0        -0         0.026     0.021    -0.021   
   0         0         0         0.028     0.018    -0.026   
   0         0         0         0         0         0       
   0         0         0         0         0         0       
   0         0         0         0         0         0       
  -0         0         0        -0.23     -0.39     -0.98    
   0         0        -0        -0.44     -0.29     -0.15    
   0         0         0        -0.86     -0.36      0.5     

QFRC_BIAS
   2.2e-19 
  -0.0021  
   0.011   
   87      
  -0.74    
   0.15    
   0.59    
   8.9e-16 
   8.9e-16 
   78      
   1.2e-16 
  -1.5e-16 
  -2.7e-17 

QFRC_SPRING
   0       
   0       
   0       
   0       
   0       
   0       
   0       
   0       
   0       
   0       
   0       
   0       
   0       

QFRC_DAMPER
  -0.17    
   0       
   0       
   0       
   0       
   0       
   0       
   0       
   0       
   0       
   0       
   0       
   0       

QFRC_GRAVCOMP
   0       
   0       
   0       
   0       
   0       
   0       
   0       
   0       
   0       
   0       
   0       
   0       
   0       

QFRC_FLUID
   0       
   0       
   0       
   0       
   0       
   0       
   0       
   0       
   0       
   0       
   0       
   0       
   0       

QFRC_PASSIVE
  -0.17    
   0       
   0       
   0       
   0       
   0       
   0       
   0       
   0       
   0       
   0       
   0       
   0       

EFC_VEL
  -0.0001  
  -0.0093  
   0.00051 
  -0.0078  
  -0.0036  
  -0.0036  
   0.0089  
  -0.0088  
   0.0032  
  -0.0031  
   0.0056  
  -0.0057  
   0.0031  
  -0.0032  

EFC_AREF
   2.3     
   6.3     
  -0.054   
   0.82    
   0.38    
   0.38    
   0.31    
   2.2     
   0.92    
   1.6     
   0.3     
   1.5     
   0.57    
   1.2     

SUBTREE_LINVEL
   0         0         0       
   0         0         0       
   0         0         0       
   0         0         0       

SUBTREE_ANGMOM
   0         0         0       
   0         0         0       
   0         0         0       
   0         0         0       

ACTUATOR_FORCE
   0.86    

QFRC_ACTUATOR
   22      
   0       
   0       
   0       
   0       
   0       
   0       
   0       
   0       
   0       
   0       
   0       
   0       

QFRC_SMOOTH
   21      
   0.0021  
  -0.011   
  -87      
   0.74    
  -0.15    
  -0.59    
  -8.9e-16 
  -8.9e-16 
  -78      
  -1.2e-16 
   1.5e-16 
   2.7e-17 

QACC_SMOOTH
   3.6e+02 
   0.00036 
  -0.001   
  -9.8     
   0.0012  
  -0.011   
   0.0097  
  -1.1e-16 
  -1.1e-16 
  -9.8     
  -2.3e-15 
   2.8e-15 
   5e-16   

EFC_B
  -9.6     
  -16      
   1.1     
  -17      
  -7.9     
  -7.9     
  -1e+02   
  -94      
  -83      
  -1.1e+02 
  -34      
  -18      
  -11      
  -40      

EFC_FORCE
   1.6e+02 
   95      
   0       
   14      
   6.6     
   6.6     
   3.9     
   28      
   12      
   20      
   3.2     
   16      
   6.5     
   13      

EFC_STATE
  1
  1
  0
  1
  1
  1
  1
  1
  1
  1
  1
  1
  1
  1

QFRC_CONSTRAINT
  -21      
  -1.2     
   0.6     
   87      
  -0.66    
   0.14    
   0.56    
  -24      
   5.6     
   92      
   2.7     
  -2       
  -0.71    

QFRC_INVERSE
   0       
   0       
   0       
   0       
   0       
   0       
   0       
   0       
   0       
   0       
   0       
   0       
   0       

CACC
   0         0         0        -0        -0         9.8     
   0         0        -0.59     -0.058     0.066     9.8     
   0.61      0.46     -0.53     -0.13      0.051     9.7     
   18        62        0.77     -2.1       0.15      7.3     

CFRC_INT
   1.1       0.95      1.3       1.9      -7.7       2e+02   
   1.5      -1.2       1.5       1.1e+02  -83       -14      
  -1.3      -1.2      -0.22     -81        69        1.2e+02 
   0.94      3.3       0.041    -24        5.6       92      

CFRC_EXT
   0         0         0         0         0         0       
  -1.5       1.2      -1.5      -1.1e+02   83        32      
   1.4       1.2       0.19      80       -69       -32      
   0         0         0         0         0         0       

TENDON_EFCADR         0 1

